1,000004001
1,000004002
1,000004003
1,000004004
1,000004005
1,000004006
1,000004007
1,000004008
1,000004009
1,000004010
1,000004011
1,000004012
1,000004013
1,000004014
1,000004015
2,000004001
2,000004002
2,000004003
2,000004004
2,000004005
2,000004006
2,000004007
2,000004008
2,000004009
2,000004010
2,000004011
2,000004012
2,000004013
2,000004014
2,000004015
3,000004001
3,000004002
3,000004003
3,000004004
3,000004005
3,000004006
3,000004007
3,000004008
3,000004009
3,000004010
3,000004011
3,000004012
3,000004013
3,000004014
3,000004015